ID	Description	NES	pvalue	p.adjust	GeneRatio	BgRatio	geneID	geneName	Count
GO:2000287	positive regulation of myotome development	0.147418934699693	7.58898079987746e-05	0.000303559231995099	1/1	1/13177	10655	DMRT2	1
GO:0014807	regulation of somitogenesis	0.147418934699693	0.00045533884799287	0.00091067769598574	1/1	6/13177	10655	DMRT2	1
GO:0007548	sex differentiation	0.147418934699693	0.00121423692798073	0.00161898257064097	1/1	16/13177	10655	DMRT2	1
GO:0048706	embryonic skeletal system development	0.147418934699693	0.00174546558397237	0.00174546558397237	1/1	23/13177	10655	DMRT2	1
